_XiaoShouFangMingCheng 260 590 760 627
_KaiPiaoRiQi 1053 99 1235 130
_XiaoShouFangKaiHuHangJiZhangHao 260 673 760 709
_HeJiJinE_BuHanShui 853 507 1026 537
_BeiZhu1 790 585 1260 621
_FaPiaoDaiMa_DaYin 1155 38 1260 70
mimaqu 795 156 1223 267
_XiaoShouFangDiZhiJiDianHua 260 647 760 683
_FuHeRen 486 705 579 740
Table32 379 354 535 390
Table33 530 354 609 390
Table31 73 354 384 390
Table36 843 354 1027 390
_DaiKaiBiaoShi 209 76 309 116
Table34 604 354 729 390
Table35 723 354 849 390
_JiaoYanMa 211 106 511 147
Table38 1084 354 1269 390
_MiMa4 795 230 1221 267
_MiMa3 795 208 1221 238
_MiMa2 795 178 1221 214
_MiMa1 795 155 1221 185
Table18 1084 300 1269 336
_JiaShuiHeJi_DaXie 394 548 726 579
_GouMaiFangDiZhiJiDianHua 261 211 756 251
Table11 73 300 384 336
Table12 379 300 535 336
Table13 530 300 609 336
Table14 604 300 729 336
_XiaoShouFangNaShuiRenShiBieHao 260 617 760 656
Table16 843 300 1027 336
_GouMaiFangMingCheng 261 156 756 187
goumaiqu 261 157 756 277
_GouMaiFangNaShuiShiBieHao 261 183 756 216
_KaiPiaoRen 767 705 867 740
_GouMaiFangKaiHuHangJiZhangHao 261 244 756 277
_HeJiShuiE 1089 507 1260 537
Table37 1022 354 1094 390
Table25 723 327 849 363
Table24 604 327 729 363
Table27 1022 327 1094 363
Table26 843 327 1027 363
Table21 73 327 384 363
xiaoshoufangqu 261 590 760 708
Table23 530 327 609 363
Table22 379 327 535 363
_JiaShuiHeJi_XiaoXie 1006 548 1200 579
Table28 1084 327 1269 363
_BeiZhu2 790 613 1260 644
Table15 723 300 849 336
_JiQiBianHao 161 106 345 147
_ShouKuanRen 178 705 284 740
_FaPiaoHaoMa_DaYin 1135 65 1260 95
beizhuqu 791 586 1261 644
Table17 1022 300 1094 336
Tablev2_1 73 302 384 496
Tablev2_2 377 302 536 496
Tablev2_3 531 302 609 496
Tablev2_4 604 302 728 496
Tablev2_5 724 302 850 496
Tablev2_6 864 302 1027 496
Tablev2_7 1022 302 1093 496
Tablev2_8 1084 302 1268 496
