mimaqu1 756 153 780 180
mimaqu3 758 243 783 263
right 1262 142 1341 833
xiaoshoufang5 123 650 145 667
xiaoshoufang4 124 620 260 642
xiaoxieqian 932 547 1003 573
goumaifang11 121 247 258 267
mimaqu2 758 195 780 222
kaipiaoren 680 709 763 731
xiaoshoufang8 229 649 258 668
xiaoshoufang9 123 673 260 696
beizhu2 760 661 780 685
beizhu1 760 605 780 626
goumaifang9 196 214 217 238
goumaifang8 152 213 185 239
goumaifang7 121 215 144 238
goumaifang6 121 187 256 207
goumaifang5 224 151 256 176
goumaifang4 122 153 145 176
goumaifang3 82 230 102 256
goumaifang2 81 200 101 223
goumaifang1 81 169 103 192
xiaoshoufangzhang 936 708 1089 731
qingdan1 91 281 259 303
qingdan2 271 281 359 304
qingdan3 411 278 498 303
qingdan4 545 279 588 303
qingdan5 631 277 659 303
qingdan6 671 275 693 303
qingdan7 758 277 778 302
qingdan8 788 278 813 301
qingdan9 894 278 917 301
shoukuanren 94 710 180 731
qingdan12 1033 276 1074 298
title1 202 33 420 68
qingdan10 949 279 973 301
title3 906 22 958 70
xiaoshoufang7 197 648 220 668
title5 953 26 1128 67
qingdan14 1191 278 1216 300
qingdan15 154 507 178 534
jine1 139 551 157 574
jine3 188 552 206 574
jine2 162 550 184 574
jine5 238 550 251 576
jine4 211 552 231 576
jine7 279 552 298 574
jine6 256 552 273 572
qingdan16 271 508 296 536
xiaoshoufang3 229 591 259 616
xiaoshoufang6 154 647 188 670
qingdan13 1133 276 1158 301
fuhe 426 709 487 732
xiaoshoufang1 83 608 104 683
xiaoshoufang2 124 594 148 616
goumaifang10 227 214 257 238
jine8 299 551 313 573
title4 942 96 1055 129
title2 470 9 856 90
left 67 149 -3 737
